Activation Function: 1
Weights:
7.555288335570111702e-01 2.225508800631606499e-01 -4.122425590021026043e-01 4.252173163720940341e-01 -3.218325769342536002e-01
-7.414986505938928607e-01 2.223068422597361815e-01 -8.993240838193107267e-01 2.307219693921859216e-01 -5.906527822334191047e-01
-5.615977532039412301e-01 3.628368864814507933e-01 -2.400642397518981674e-01 -3.266001239103821785e-01 -1.479689016866973794e-01
3.981539894149159764e-01 2.703795978043276871e-01 -7.477830600806425476e-01 2.026484939608275693e-01 -2.036776080400393985e-01
-1.119367955006397158e-01 2.343652715627227712e-01 -1.096736560313732234e+00 2.185625522860309145e-01 9.834016302766640516e-02
-5.821870168461013018e-01 1.674320914745827116e-01 -1.604619421256867767e-02 6.486329385847438012e-01 -2.059929444314825275e-01
-2.711377323938238271e-02 2.075823814321723915e-01 -8.749693436562284710e-01 3.350128825477267092e-01 -6.789811061255285329e-01
-4.885301778972997444e-01 2.228604040074036730e-01 6.872171117615716307e-01 5.256998550036298123e-01 1.326364638254765582e-01
-9.820250374395528281e-01 1.370964797580896399e-01 -7.153315144251302105e-01 6.465397233856217118e-01 -3.990754308311554865e-01
-1.585187164666332249e+00 4.502061978826760180e-01 -8.102359532367777728e-01 -6.002007896213875648e-01 -2.718636345540597077e-01
-1.900208596020035168e-01 3.033272430092626704e-01 -3.428199427251914511e-01 -4.132408564116768490e-02 -5.221674998199518636e-02
-5.805414995923089405e-01 2.420543194090612749e-01 -1.020217396564285228e-02 -3.520264721165976274e-02 1.603700006741484163e-01
-4.917690834330818439e-01 3.153770721543007194e-01 -5.640093804365851060e-01 1.689290459216254980e-01 2.461456609147270880e-01
1.676527630898012877e-02 3.438250483210022468e-01 9.707005987489403243e-02 -1.479661290225815495e-01 -3.296551291665006378e-01
4.996113358002192140e-01 2.834773102250915389e-01 3.003072706311672030e-02 5.240787377792872903e-02 -7.551074325052031799e-02
-3.989457416002397672e-01 3.634161230148554855e-01 -4.126190747207366116e-01 3.743911989089898640e-02 -6.094868096219339115e-01
Weights:
-1.757308128480267739e-01
2.166781892660563646e-01
-3.029942374456235932e-01
5.701455651439635286e-02
-2.096470946844843919e-01
