Activation Function: 2
Weights:
-1.279547857620351725e-01 -3.194144872697399218e-01 4.164638663207227420e-01 -3.901839132270317201e-01 -5.872849452627096900e-01
2.668984243248886945e-01 2.596324152987998790e-01 5.185321550384269784e-01 -7.353052271950817342e-01 -5.020830056178606782e-01
-3.213375001449008672e-01 -5.068846995122190391e-01 4.109299204270125405e-01 -4.608634784198202550e-02 -4.581573959482502234e-01
-1.648459076306761292e-02 8.359208782492202894e-02 1.636216441290713475e-01 -8.916199505048232332e-01 -6.055232132965179259e-01
-4.406867679629273282e-01 3.536251355605611602e-02 1.534577743564563002e-01 -3.720178520314300630e-01 -2.314049463891754838e-02
-4.313201754389608400e-01 4.011498495632668804e-01 -1.271526615968774920e-01 1.662316728805262045e-01 -3.460812745492010678e-01
9.704015104036678441e-02 2.904127545931143306e-01 9.975346946794547698e-01 3.231827724505038635e-01 -3.094490804804465173e-02
-6.450360583150635541e-02 4.658885979908929942e-01 2.990958812347758733e-01 -3.030180064538929297e-01 -5.148561750012140698e-02
3.718784946027398064e-01 1.061085063101823600e+00 9.240911512902757474e-01 8.238956456740332834e-01 -3.200201174352850231e-01
-4.458303984175882029e-01 -1.001077219952978548e-01 5.212004198078648010e-01 3.814636082824673369e-01 9.613725397488616375e-02
-1.627667424259887086e-01 5.464719131477880909e-01 -2.510781204566499558e-01 -4.369457847936328299e-01 -6.235129633081730738e-01
1.087357243325908218e-01 7.328020509200415811e-01 9.597920494607705688e-01 2.558913254884694899e-01 2.526479571383321576e-01
-3.753958496097615782e-01 -6.446258970011703449e-01 2.235477413651097978e-01 -2.347808763531271381e-01 -5.834448200646008553e-01
6.060861773989745238e-02 9.938630710772459187e-01 4.721281412877468275e-01 -3.586792698404951407e-01 7.112420946903320884e-02
-2.697919862001223468e-01 1.400733036074887528e+00 -2.760325095552326191e-01 -4.464285666460673929e-01 5.681530431066367237e-02
-1.738130072483703992e-01 1.264946581734923969e-01 3.480270330563148273e-01 -9.352405763257108928e-01 -1.220965001635316571e-01
Weights:
1.401960195236999107e+00
-1.720676421413668000e-01
-3.257519256943997576e-01
4.161764490009355333e-01
1.414424605299155813e+00
